# relative_time, cycles_done, cur_item, corpus_count, pending_total, pending_favs, total_edges, saved_crashes, saved_hangs, max_depth, execs_per_sec, execs_done, edges_found15,1,6,174,97,0,11072,0,0,0,4527,4527,1436
30,1,166,185,103,0,11072,0,0,0,8863,8863,1458
45,2,136,192,93,0,11072,0,0,0,13328,13328,1464
60,3,69,201,85,0,11072,0,0,0,17662,17662,1482
75,3,194,207,89,0,11072,0,0,0,22129,22129,1512
90,4,150,211,84,0,11072,0,0,0,26548,26548,1513
105,5,80,215,82,0,11072,0,0,0,30819,30819,1518
121,5,192,216,83,0,11072,0,0,0,35342,35342,1521
136,6,132,218,82,0,11072,0,0,0,39742,39742,1522
151,7,19,218,80,0,11072,0,0,0,44156,44156,1522
166,7,174,219,80,0,11072,0,0,0,48632,48632,1526
182,8,132,220,79,0,11072,0,0,0,53297,53297,1528
197,9,6,221,79,0,11072,0,0,0,57433,57433,1528
212,9,173,223,79,0,11072,0,0,0,61968,61968,1625
227,10,113,225,76,0,11072,0,0,0,66189,66189,1639
242,10,203,225,75,0,11072,0,0,0,70606,70606,1639
257,11,129,227,68,0,11072,0,0,0,75090,75090,1647
272,11,218,229,68,0,11072,0,0,0,79473,79473,1647
287,12,163,230,66,0,11072,0,0,0,83725,83725,1649
302,13,71,230,61,0,11072,0,0,0,88060,88060,1649
317,13,192,230,60,0,11072,0,0,0,92358,92358,1649
333,14,137,232,56,0,11072,0,0,0,96813,96813,1651
348,15,1,232,56,0,11072,0,0,0,101017,101017,1651
363,15,167,235,59,0,11072,0,0,0,105459,105459,1658
378,16,17,237,56,0,11072,0,0,0,109607,109607,1662
393,16,172,242,59,0,11072,0,0,0,114016,114016,1669
408,17,22,244,53,0,11072,0,0,0,118433,118433,1671
423,17,183,244,50,0,11072,0,0,0,122862,122862,1671
439,18,105,244,49,0,11072,0,0,0,127058,127058,1671
